function [ U_avg ] = Uc_function_v2( x,chg )
% This function interpolates the equilibrium potential curve of cathode active
% material. Averaging the cuves obtanied in charging and discharging.

%% Discharge data: "NMC_22FKV08_OCV_HC2211_Dchg.txt"
data_dis = [0.323954472	4.347948074
            0.330265803	4.332117081
            0.33657736	4.316770554
            0.342888667	4.30190897
            0.349199981	4.287531853
            0.355511308	4.273155212
            0.361822544	4.259100914
            0.368133836	4.24520874
            0.374445295	4.230993271
            0.380756713	4.217585564
            0.387067964	4.203854561
            0.393379498	4.190123558
            0.399690765	4.176392555
            0.406002021	4.162984848
            0.412313298	4.149253845
            0.418624612	4.136007786
            0.424936155	4.122600079
            0.431247668	4.109354019
            0.437559087	4.096430779
            0.443870416	4.083507538
            0.450181847	4.070422649
            0.456493186	4.057984352
            0.462804428	4.045707226
            0.469115781	4.032945633
            0.475427087	4.020991802
            0.481738531	4.008553028
            0.488050064	3.996760607
            0.494361601	3.984968185
            0.500672894	3.973337412
            0.506984142	3.961544991
            0.51329546	3.950237274
            0.519606813	3.93876791
            0.525918074	3.92794466
            0.532229607	3.916636944
            0.53854113	3.905652285
            0.544852568	3.89515233
            0.551164117	3.884975195
            0.557475353	3.875282764
            0.563786839	3.866075039
            0.57009835	3.857028961
            0.57640977	3.848305702
            0.582721077	3.840067148
            0.589032465	3.832636356
            0.595343956	3.825043917
            0.601655186	3.818420887
            0.607966658	3.811797857
            0.614278078	3.805659294
            0.620589443	3.800166845
            0.626900931	3.794674635
            0.633212187	3.7898283
            0.639523622	3.784982204
            0.645835087	3.780459166
            0.652146368	3.776582003
            0.658457868	3.772705078
            0.66476932	3.768989801
            0.671080566	3.765597343
            0.677391814	3.762366533
            0.683703227	3.759135723
            0.690014531	3.756066561
            0.696325802	3.753320456
            0.702637137	3.750089645
            0.70894866	3.747828007
            0.715259969	3.745081902
            0.721571461	3.742335796
            0.727882992	3.73991251
            0.73419454	3.737328053
            0.740505769	3.735066414
            0.746817148	3.732481718
            0.753128689	3.729897261
            0.75944014	3.727312565
            0.76575139	3.724889517
            0.772062645	3.722304821
            0.778373872	3.719881773
            0.784685225	3.717135429
            0.790996659	3.714550972
            0.797307945	3.711966276
            0.803619182	3.709058523
            0.809930731	3.706312418
            0.816242222	3.703404665
            0.82255372	3.70065856
            0.828865154	3.697589159
            0.835176646	3.694519997
            0.841487879	3.691289186
            0.847799105	3.688058376
            0.854110661	3.684504509
            0.860421912	3.681112289
            0.866733291	3.677558422
            0.873044684	3.673681259
            0.879356238	3.669642925
            0.885667849	3.665604353
            0.891979377	3.661081314
            0.898290627	3.656558037
            0.904602135	3.651550531
            0.910913505	3.646542788
            0.917225001	3.641050339
            0.923536403	3.635073423
            0.92984784	3.628450155
            0.936159193	3.621342421
            0.942470549	3.613104105
            0.948781822	3.604380846
            0.95509307	3.594688416
            0.961404313	3.584672928
            0.96771562	3.570296049
            0.97402686	3.554303646
            0.980338087	3.527649403
            0.985156247	3.49744153
            0.988226584	3.463356733
            0.99022484	3.435894966
            0.991811782	3.400840998
            0.993119486	3.365140676
            0.994241455	3.316355705
            0.9951849	3.247378349
            0.995949133	3.19197011
            0.996589755	3.125738859
            0.997105738	3.109746456
            0.997581779	3.096015692
            0.998026181	3.089069366
            0.998454926	3.07776165
            0.998861784	3.067261457
            0.999250439	3.062092304
            0.99962974	3.059669256
            1	3.046907425];

%% Data charging: "NMC_22FKV08_OCV_HC2211_Chg.txt"

